300 2
3.055580350583485 4.8731621817671575
0.27119263345300054 0.06274738890733787
-10.120577020801443 -10.382894408681162
3.1669328833858663 5.224067459212433
0.028768372371844594 0.19664746279153367
-9.874951006767434 -10.032102672637384
-10.008763633795185 -10.0954436060719
-10.248824665791187 -10.125283382237674
3.5303048327609665 4.8952902630437825
0.06954839830855626 0.008045738824723
-10.324657089167049 -9.870664909545965
2.43063857171516 4.7938274545734085
-0.0459846150218099 0.19907378123222452
0.007909219271105895 -0.09647634673094592
0.03931252812580668 -0.02413847998093563
2.7275148194277476 5.002525671122548
0.03628034862171355 -0.11590364650212066
-10.153767270063845 -10.046006144455587
-10.247127324821225 -10.028157288436924
-10.09145215742766 -9.828143198347066
3.0381885307038727 5.6581289458093975
0.08613576138837739 0.09190081310452454
0.14915223463278612 -0.13981160108376942
2.876113079765198 5.383182308616754
-0.023733747553109176 0.0885339675170791
-9.954849946750835 -9.942592967061035
-10.204757027985293 -10.14259864002241
2.8927677813814694 4.804423938821017
0.023140076102148455 0.1192805165554872
0.009071677302864655 -0.22174176110366517
-10.17477645955246 -9.994057236927796
0.15032619527054863 0.09083187163404699
0.17194765552886368 -0.23592147380127781
-10.160753218915316 -10.483816634635733
-0.0028785645612158252 -0.1473942826818239
2.786145061293816 4.547324864062271
0.028318592178048992 -0.006436017188922021
0.012224974536505732 -0.11573833756642403
3.1457211615283978 5.077369095147585
-10.033618019724383 -9.618144638146687
-10.10332958495963 -10.037814333287143
3.204188086055371 4.799149167838636
-9.654116514157941 -9.861189545586114
0.16192384845969834 0.05130930084025073
0.28118783750058735 0.02519951266832267
2.838127616390311 4.560358373570446
-10.119329928336839 -10.117718875937648
-0.01982902566629641 0.2457587626290851
0.059358811479112074 0.2070878525776086
-10.40607871075566 -10.192155022042787
-0.19450722621737432 -0.1159722950990108
3.5494086243055722 4.8987472863448245
3.119477288075014 4.669834306641622
2.691558037604495 4.686722623650863
3.1308696344275786 5.266377716846091
-10.150666958719494 -10.348822050128218
-10.583147550358543 -10.194368100514522
0.18969009558036365 -0.1205802790808515
3.2639363858674204 4.4132698614890895
0.02826603073765432 -0.004715690665315173
2.4349728507749866 5.198956330951721
-10.262772950672536 -9.823075523900084
-9.837037091749735 -10.103998350819513
-10.214117099830501 -9.925826005593947
2.9692428172359744 5.362471592260295
2.7330333062857672 4.525716387106228
-10.244180383979227 -9.988076913381935
-10.204071855760796 -9.945881315005867
-10.166847970134357 -9.731001508675552
-10.449651553515322 -10.053552372969211
-10.071254151889349 -10.348628207390691
-9.999511167602153 -9.91507285582803
-0.015651881422808305 -0.22722441146208566
-10.137992135462774 -9.902717104946277
0.10654201815826658 -0.08723756613294302
2.750971313816114 5.303843690076933
3.558243500752828 5.0766771457205735
-9.775204408208506 -10.02638284656018
3.1241802384647985 4.698428102105784
3.3173463621186863 5.378660959752041
2.8638694385105463 5.114100517604286
0.10672155507363046 0.06414206555940481
2.87202420617474 4.9765169754329985
3.287368918075648 5.367896400482988
0.028755765036635614 0.12640857503776617
0.07689651576916866 0.13662428435589186
2.8774964272647874 4.808859541081674
3.3022624844130695 4.591503133056394
-10.08617801107712 -10.10805405275811
-9.823736391558494 -9.658085387269411
-10.109071989523907 -10.309295463116595
-9.903242330479895 -9.864756720027387
0.025508069478278123 -0.023149740962670612
-0.08701591900376578 -0.02396320734654708
-0.05705322951029477 -0.2029072125738085
3.017937145612093 5.099671239606528
-9.877184582449182 -10.167582454540458
-0.1029709525313277 -0.1030208617706558
-10.015948187637115 -9.88710289634108
0.051679755410331873 -0.0432576376149878
-10.025872201950211 -10.324492234093924
-10.13564253586823 -9.914712985111985
-9.797363311622702 -9.82944043180917
3.0267160112394214 5.233669070684074
-9.792209576529109 -9.873651164514182
-10.237009305404035 -10.041129979884508
2.986661948737914 5.0517157036494265
3.0769680478259422 4.915248494569612
-0.016769860276646405 0.17226691978466993
-10.004820894014246 -10.17773148357059
0.008496405782088995 0.10977794875406313
-9.864185680034899 -10.171087433731977
2.652062319638592 4.988191188575846
2.5550050174662267 5.041374813269538
2.667544995138405 4.816594054467259
2.834037849156689 5.558263307611357
-0.2685108677799625 0.0018420794714651353
-0.03490353929825302 0.025282509122154975
-9.870434040518028 -10.112074683776832
2.722711877448653 5.2643903397558445
2.8846010473108454 5.013097606475927
-0.06497174207470245 0.16313829539585936
0.20463327763647607 0.0666987849591698
-0.26765213650405156 -0.043010060707701275
-0.1419871306328183 0.07657210720237917
-10.019047519740125 -10.105437555866793
-0.05713489619287757 0.02657870467480051
-0.0041844228180822245 -0.0272735536136126
3.5608522668890177 5.19977153350696
2.440558260703601 4.92415520371494
-10.025552411577172 -9.950366394570635
-10.08323960302603 -9.85506846835211
2.9250683680216514 5.1457370531510715
3.3579757737485276 4.677282935115908
2.5925864398928726 4.979866858508254
3.1295270982985306 4.692209511094256
-9.980700506385599 -10.372698540672898
0.013349704102280641 -0.12892611938117313
-10.03948293583165 -9.645070993718813
-10.297331614184152 -9.718274608230209
0.01273085242395576 0.023502701286442305
-9.790370497550748 -9.733252436111503
-10.055477640502879 -10.070951795853798
3.4032213873092374 4.952446722674088
3.4553748773693287 5.994291271765408
3.223091091225057 5.04083966891528
0.20196506420953542 0.03262622729486563
-10.105052929031126 -10.335126926836919
2.8431085119003026 4.980928075822856
-0.04758993869095291 0.029684453077017416
-10.052248096934404 -10.259609327533896
0.024045678041458775 0.04530377867748749
2.754049978071629 5.040782112569779
-9.702770328985082 -9.952656746554618
-10.159182938644678 -9.985450894169713
-9.464777506469263 -10.014243805432113
-0.03691777451833975 0.038059758458030175
0.038825041428489464 -0.03871271811779628
3.070921678689285 5.2446813397968155
0.02995023312069633 -0.04399913112279652
-9.825142855477896 -10.258707326384357
3.2813570782593326 4.877040639836845
-9.830833318588564 -10.372177905788423
2.521874756885439 4.895257328262322
-10.172461697387375 -9.785663214043442
-10.015488192111988 -9.944786300551431
0.12978776138584577 -0.1515215658427796
-0.1886836925360805 0.009659373437643209
-9.60230206403789 -9.760988332805745
-0.06264145034858772 -0.04920438931424285
3.488733591991048 5.4330475294795635
0.09366325730102085 -0.149239710102063
3.229699020519232 4.627478041889331
-9.970987357179295 -9.766423542739672
2.83754888517369 4.793120102872815
2.761299728060322 5.28474015195681
-10.184758404339158 -10.204775152168567
-0.03295781528443636 0.08971497471863671
2.684757618253096 4.5318196318767985
-10.129682177661296 -10.147492967491752
3.626894662458625 4.780079019869481
0.061657788331568576 -0.08376314467621396
-9.850988746718926 -9.60477784337474
-0.0587220312328312 0.1910826851356366
2.6690015220359538 5.166663498610701
-10.114941684098541 -10.021890866776122
3.429209211512679 4.687587684049655
0.0350815840962548 0.1626573604958715
3.3793934734557767 4.73584659978458
-9.910843808269371 -10.156541808689493
-10.143205159503484 -9.853706852835979
-9.832831219563605 -9.90157621941724
-0.020828341808275093 -0.0014973185817623604
0.09045284867587321 -0.18656511724848382
-0.11390967988114481 -0.13220297347269758
-10.134945502062342 -9.969876626926995
2.9117900256932474 4.793642147049775
0.10697983584569933 0.01665195100182666
3.217457046687448 5.357655872920742
-9.969410859447503 -10.212839054787304
-9.829696209903059 -9.902750134778337
3.455607647684902 5.26890672076834
2.5922396496827473 5.228482784616157
-9.642274305313936 -9.912698029897602
2.904958523755881 5.230422183004737
2.8169248949273795 5.001866034825111
-0.06123844176841136 0.1399965496021865
-10.181298940114866 -9.982316958759599
3.1670893584776127 4.6492172608435895
2.7528341685074813 5.235908875365056
-0.0018627715556959045 0.0483528787408307
-0.06572574850828106 0.16194308066407048
-0.09957942444575174 0.034379451849829955
-9.989993271564629 -10.080935482920179
-9.974398435776779 -9.751676696368293
-9.827433581007448 -10.129686404555212
3.146472747790926 4.949168942940976
-0.08496073597130113 -0.14935496677890386
-10.10611642887102 -10.146105328738667
2.9547530872870027 5.342459929373161
-9.912410677743983 -9.612204307919901
-0.1286229327627375 -0.1143721826337127
0.1147264793112611 -0.01102291554019236
-10.145086696079703 -10.006988677110417
-9.870987603003218 -9.937387925195178
0.10894095481862992 0.002392202180891483
-0.02746001203219027 0.043500925817174435
2.7255533405884274 4.730858066929928
-0.06151085644145126 -0.10621561234278301
0.04955803951768905 -0.057056282400487206
-10.030901370379857 -9.646074539341251
2.665676186379695 5.072893572812189
0.031919617587560394 -0.2983970204881964
-10.204986174921617 -9.820132310831838
3.0883596409530587 4.8040585515292005
-10.191999236045444 -9.92454095317736
-9.888257359030515 -10.095672932088641
-0.0006298778957334842 0.15008903569010312
3.2894897305315363 5.076866532926828
-0.11127811504388292 -0.1639296247316983
0.02876572287108612 -0.17948070353223222
-0.004942388525533884 0.037338994400136105
2.677382966894392 5.41149741227891
2.760082068217058 5.035465183805285
0.08539633716563882 0.15868665430662815
0.009103451157733452 0.07854322470770907
3.1245824637254334 5.479470574363409
-9.75330579110937 -9.970202721063801
2.8943159897247366 5.1557228792367855
-0.04755248578132477 -0.016577702313143795
3.0977847819354523 5.1790379500257195
2.476282948708653 4.622406023844204
-10.016548296296492 -10.12540013536477
-0.005394784919048746 0.13151672242748802
2.752198811430726 4.7647383943226
0.11039216646049961 0.18817549911074855
-10.117700323935885 -10.309311164562216
3.367495722740691 4.991079406454101
-10.118215747697175 -10.103283473557696
3.177797141998215 5.205018972276769
-0.06387908963776368 -0.06544152115856668
-0.1324488697294862 -0.22817923149605376
3.085795281920898 4.880415148923364
3.1504619049820373 4.7579904457443565
-0.09983668786197869 0.02543875743021134
3.300760751028985 5.3534666304417255
3.5042731946715855 4.853298187470147
-9.871367343880856 -9.950182658654834
3.2479607544610944 5.32079171675921
-0.023190455319760505 -0.046466872114890076
2.932786917838161 4.698617418383574
-10.102225798510583 -10.024568681122608
2.7628902932443817 5.288187440989956
0.11159451845818241 -0.0030303367201114286
3.0760637025912883 5.1485874488987715
-10.279152700528135 -9.72166741845104
3.5445919130480235 4.755124981894864
0.041838102261867134 -0.08924063346634244
-9.914806650030043 -10.0298027544431
-10.274133802510404 -9.95228736151882
-10.028124005403184 -9.800582326581269
0.056195167242208605 -0.029382123783761
0.18391518871873186 0.2315858597250452
0.007472779394993724 -0.06282508068041004
2.3367625081264305 5.042543155215049
3.296871838743467 5.401744489025786
3.3135191979696854 4.702831188918228
-10.06004121490391 -9.568370131588615
-0.08555327209832658 -0.003972983859508907
-0.09120909131338856 -0.015605840282949944
2.8954895050581455 4.456694247941407
-9.803526513148368 -10.220213526022295
-0.03215846930921835 0.015113037165299168
0.1094653079198753 0.06396923552031146
0.1420342305159297 -0.0319590140932892
-9.778362500013001 -9.776121868936222
0.013801465500803696 0.09395028541954219
2.7240841209680835 5.554372716985552
-9.702491373601491 -10.223660136880072
3.079237946812909 5.002643875973948
